615  10
616  10
617  10
618  10
619  10
620  10
621  10
622  10
623  10
624  10
625  10
626  10
627  10
632  10
633  10
634  10
635  10
636  10
637  10
638  10
639  10
640  10
641  10
642  10
643  10
644  10
649  10
650  10
651  10
652  10
653  10
654  10
655  10
656  10
657  10
658  10
659  10
660  10
661  10
666  10
667  10
668  10
669  10
670  10
671  10
672  10
673  10
674  10
675  10
676  10
677  10
678  10
683  10
684  10
685  10
686  10
687  10
688  10
689  10
690  10
691  10
692  10
693  10
694  10
695  10
700  10
701  10
702  10
703  10
704  10
705  10
706  10
707  10
708  10
709  10
710  10
711  10
712  10
717  10
718  10
719  10
720  10
721  10
722  10
723  10
724  10
725  10
726  10
727  10
728  10
729  10
734  10
735  10
736  10
737  10
738  10
739  10
740  10
741  10
742  10
743  10
744  10
745  10
746  10
751  10
752  10
753  10
754  10
755  10
756  10
757  10
758  10
759  10
760  10
761  10
762  10
763  10
768  10
769  10
770  10
771  10
772  10
773  10
774  10
775  10
776  10
777  10
778  10
779  10
780  10
785  10
786  10
787  10
788  10
789  10
790  10
791  10
792  10
793  10
794  10
795  10
796  10
797  10
802  10
803  10
804  10
805  10
806  10
807  10
808  10
809  10
810  10
811  10
812  10
813  10
814  10
819  10
820  10
821  10
822  10
823  10
824  10
825  10
826  10
827  10
828  10
829  10
830  10
831  10
904  15
905  15
906  15
907  15
908  15
909  15
910  15
911  15
912  15
913  15
914  15
915  15
916  15
921  15
922  15
923  15
924  15
925  15
926  15
927  15
928  15
929  15
930  15
931  15
932  15
933  15
938  15
939  15
940  15
941  15
942  15
943  15
944  15
945  15
946  15
947  15
948  15
949  15
950  15
955  15
956  15
957  15
958  15
959  15
960  15
961  15
962  15
963  15
964  15
965  15
966  15
967  15
972  15
973  15
974  15
975  15
976  15
977  15
978  15
979  15
980  15
981  15
982  15
983  15
984  15
989  15
990  15
991  15
992  15
993  15
994  15
995  15
996  15
997  15
998  15
999  15
1000  15
1001  15
1006  15
1007  15
1008  15
1009  15
1010  15
1011  15
1012  15
1013  15
1014  15
1015  15
1016  15
1017  15
1018  15
1023  15
1024  15
1025  15
1026  15
1027  15
1028  15
1029  15
1030  15
1031  15
1032  15
1033  15
1034  15
1035  15
1040  15
1041  15
1042  15
1043  15
1044  15
1045  15
1046  15
1047  15
1048  15
1049  15
1050  15
1051  15
1052  15
1057  15
1058  15
1059  15
1060  15
1061  15
1062  15
1063  15
1064  15
1065  15
1066  15
1067  15
1068  15
1069  15
1074  15
1075  15
1076  15
1077  15
1078  15
1079  15
1080  15
1081  15
1082  15
1083  15
1084  15
1085  15
1086  15
1091  15
1092  15
1093  15
1094  15
1095  15
1096  15
1097  15
1098  15
1099  15
1100  15
1101  15
1102  15
1103  15
1108  15
1109  15
1110  15
1111  15
1112  15
1113  15
1114  15
1115  15
1116  15
1117  15
1118  15
1119  15
1120  15
1193  20
1194  20
1195  20
1196  20
1197  20
1198  20
1199  20
1200  20
1201  20
1202  20
1203  20
1204  20
1205  20
1210  20
1211  20
1212  20
1213  20
1214  20
1215  20
1216  20
1217  20
1218  20
1219  20
1220  20
1221  20
1222  20
1227  20
1228  20
1238  20
1239  20
1244  20
1245  20
1255  20
1256  20
1261  20
1262  20
1272  20
1273  20
1278  20
1279  20
1289  20
1290  20
1295  20
1296  20
1306  20
1307  20
1312  20
1313  20
1323  20
1324  20
1329  20
1330  20
1340  20
1341  20
1346  20
1347  20
1357  20
1358  20
1363  20
1364  20
1374  20
1375  20
1380  20
1381  20
1382  20
1383  20
1384  20
1385  20
1386  20
1387  20
1388  20
1389  20
1390  20
1391  20
1392  20
1397  20
1398  20
1399  20
1400  20
1401  20
1402  20
1403  20
1404  20
1405  20
1406  20
1407  20
1408  20
1409  20
1482  25
1483  25
1484  25
1485  25
1486  25
1487  25
1488  25
1489  25
1490  25
1491  25
1492  25
1493  25
1494  25
1499  25
1500  25
1501  25
1502  25
1503  25
1504  25
1505  25
1506  25
1507  25
1508  25
1509  25
1510  25
1511  25
1516  25
1517  25
1527  25
1528  25
1533  25
1534  25
1544  25
1545  25
1550  25
1551  25
1561  25
1562  25
1567  25
1568  25
1578  25
1579  25
1584  25
1585  25
1595  25
1596  25
1601  25
1602  25
1612  25
1613  25
1618  25
1619  25
1629  25
1630  25
1635  25
1636  25
1646  25
1647  25
1652  25
1653  25
1663  25
1664  25
1669  25
1670  25
1671  25
1672  25
1673  25
1674  25
1675  25
1676  25
1677  25
1678  25
1679  25
1680  25
1681  25
1686  25
1687  25
1688  25
1689  25
1690  25
1691  25
1692  25
1693  25
1694  25
1695  25
1696  25
1697  25
1698  25
1771  30
1772  30
1773  30
1774  30
1775  30
1776  30
1777  30
1778  30
1779  30
1780  30
1781  30
1782  30
1783  30
1788  30
1789  30
1790  30
1791  30
1792  30
1793  30
1794  30
1795  30
1796  30
1797  30
1798  30
1799  30
1800  30
1805  30
1806  30
1816  30
1817  30
1822  30
1823  30
1833  30
1834  30
1839  30
1840  30
1850  30
1851  30
1856  30
1857  30
1867  30
1868  30
1873  30
1874  30
1884  30
1885  30
1890  30
1891  30
1901  30
1902  30
1907  30
1908  30
1918  30
1919  30
1924  30
1925  30
1935  30
1936  30
1941  30
1942  30
1952  30
1953  30
1958  30
1959  30
1960  30
1961  30
1962  30
1963  30
1964  30
1965  30
1966  30
1967  30
1968  30
1969  30
1970  30
1975  30
1976  30
1977  30
1978  30
1979  30
1980  30
1981  30
1982  30
1983  30
1984  30
1985  30
1986  30
1987  30
2060  35
2061  35
2062  35
2063  35
2064  35
2065  35
2066  35
2067  35
2068  35
2069  35
2070  35
2071  35
2072  35
2077  35
2078  35
2079  35
2080  35
2081  35
2082  35
2083  35
2084  35
2085  35
2086  35
2087  35
2088  35
2089  35
2094  35
2095  35
2105  35
2106  35
2111  35
2112  35
2122  35
2123  35
2128  35
2129  35
2139  35
2140  35
2145  35
2146  35
2156  35
2157  35
2162  35
2163  35
2173  35
2174  35
2179  35
2180  35
2190  35
2191  35
2196  35
2197  35
2207  35
2208  35
2213  35
2214  35
2224  35
2225  35
2230  35
2231  35
2241  35
2242  35
2247  35
2248  35
2249  35
2250  35
2251  35
2252  35
2253  35
2254  35
2255  35
2256  35
2257  35
2258  35
2259  35
2264  35
2265  35
2266  35
2267  35
2268  35
2269  35
2270  35
2271  35
2272  35
2273  35
2274  35
2275  35
2276  35
2349  40
2350  40
2351  40
2352  40
2353  40
2354  40
2355  40
2356  40
2357  40
2358  40
2359  40
2360  40
2361  40
2366  40
2367  40
2368  40
2369  40
2370  40
2371  40
2372  40
2373  40
2374  40
2375  40
2376  40
2377  40
2378  40
2383  40
2384  40
2394  40
2395  40
2400  40
2401  40
2411  40
2412  40
2417  40
2418  40
2428  40
2429  40
2434  40
2435  40
2445  40
2446  40
2451  40
2452  40
2462  40
2463  40
2468  40
2469  40
2479  40
2480  40
2485  40
2486  40
2496  40
2497  40
2502  40
2503  40
2513  40
2514  40
2519  40
2520  40
2530  40
2531  40
2536  40
2537  40
2538  40
2539  40
2540  40
2541  40
2542  40
2543  40
2544  40
2545  40
2546  40
2547  40
2548  40
2553  40
2554  40
2555  40
2556  40
2557  40
2558  40
2559  40
2560  40
2561  40
2562  40
2563  40
2564  40
2565  40
2638  45
2639  45
2640  45
2641  45
2642  45
2643  45
2644  45
2645  45
2646  45
2647  45
2648  45
2649  45
2650  45
2655  45
2656  45
2657  45
2658  45
2659  45
2660  45
2661  45
2662  45
2663  45
2664  45
2665  45
2666  45
2667  45
2672  45
2673  45
2683  45
2684  45
2689  45
2690  45
2700  45
2701  45
2706  45
2707  45
2717  45
2718  45
2723  45
2724  45
2734  45
2735  45
2740  45
2741  45
2751  45
2752  45
2757  45
2758  45
2768  45
2769  45
2774  45
2775  45
2785  45
2786  45
2791  45
2792  45
2802  45
2803  45
2808  45
2809  45
2819  45
2820  45
2825  45
2826  45
2827  45
2828  45
2829  45
2830  45
2831  45
2832  45
2833  45
2834  45
2835  45
2836  45
2837  45
2842  45
2843  45
2844  45
2845  45
2846  45
2847  45
2848  45
2849  45
2850  45
2851  45
2852  45
2853  45
2854  45
2927  50
2928  50
2929  50
2930  50
2931  50
2932  50
2933  50
2934  50
2935  50
2936  50
2937  50
2938  50
2939  50
2944  50
2945  50
2946  50
2947  50
2948  50
2949  50
2950  50
2951  50
2952  50
2953  50
2954  50
2955  50
2956  50
2961  50
2962  50
2972  50
2973  50
2978  50
2979  50
2989  50
2990  50
2995  50
2996  50
3006  50
3007  50
3012  50
3013  50
3023  50
3024  50
3029  50
3030  50
3040  50
3041  50
3046  50
3047  50
3057  50
3058  50
3063  50
3064  50
3074  50
3075  50
3080  50
3081  50
3091  50
3092  50
3097  50
3098  50
3108  50
3109  50
3114  50
3115  50
3116  50
3117  50
3118  50
3119  50
3120  50
3121  50
3122  50
3123  50
3124  50
3125  50
3126  50
3131  50
3132  50
3133  50
3134  50
3135  50
3136  50
3137  50
3138  50
3139  50
3140  50
3141  50
3142  50
3143  50