0  0
0.0005  0.21125
0.001  0.4225
0.0015  0.63375
0.002  0.845
0.0025  1.05625
0.003  1.2675
0.0035  1.47875
0.004  1.69
0.0045  1.90125
0.005  2.1125
0.0055  2.32375
0.006  2.535
0.0065  2.74625
0.007  2.94089
0.0075  3.09733
0.008  3.24606
0.0085  3.38734
0.009  3.52144
0.0095  3.64868
0.01  3.76937
0.0105  3.88386
0.011  3.99248
0.0115  4.09556
0.012  4.19343
0.0125  4.28641
0.013  4.37481
0.0135  4.45893
0.014  4.53903
0.0145  4.61539
0.015  4.68825
0.0155  4.75785
0.016  4.8244
0.0165  4.88812
0.017  4.94919
0.0175  5.0078
0.018  5.0641
0.0185  5.11825
0.019  5.17041
0.0195  5.22068
0.02  5.26922
0.0205  5.31612
0.021  5.36149
0.0215  5.40543
0.022  5.44804
0.0225  5.4894
0.023  5.52959
0.0235  5.56867
0.024  5.60673
0.0245  5.64382
0.025  5.67999
0.0255  5.71532
0.026  5.74984
0.0265  5.7836
0.027  5.81665
0.0275  5.84903
0.028  5.88078
0.0285  5.91193
0.029  5.94251
0.0295  5.97256
0.03  6.00211
0.0305  6.03119
0.031  6.05981
0.0315  6.088
0.032  6.11579
0.0325  6.14319
0.033  6.17023
0.0335  6.19693
0.034  6.22329
0.0345  6.24934
0.035  6.2751
0.0355  6.30057
0.036  6.32577
0.0365  6.35071
0.037  6.37541
0.0375  6.39988
0.038  6.42412
0.0385  6.44815
0.039  6.47198
0.0395  6.49561
0.04  6.51905
0.0405  6.54232
0.041  6.56541
0.0415  6.58834
0.042  6.61112
0.0425  6.63374
0.043  6.65622
0.0435  6.67856
0.044  6.70077
0.0445  6.72284
0.045  6.7448
0.0455  6.76663
0.046  6.78835
0.0465  6.80996
0.047  6.83147
0.0475  6.85287
0.048  6.87417
0.0485  6.89537
0.049  6.91648
0.0495  6.93751
0.05  6.95844
